500400080
000500209
000090040
740002000
005000700
000800093
050060000
309001000
020004001

000000700
000698000
301070900
020003050
900000001
080400070
005010304
000547000
008000000

005000030
000450000
680000020
100500803
000701000
406002007
030000068
000018000
070000100

123456000
000000700
000000000
000000000
000000000
000000000
000000000
000000000
000000000

123450005
000000000
000000000
000000000
000000000
000000000
000000000
000000000
000000000

// solution
596423187
473518269
812697345
748932516
935146728
261875493
154769832
389251674
627384951

894135762
752698143
361274985
127983456
946752831
583461279
675819324
239547618
418326597

945826731
712453689
683197425
127569843
398741256
456382917
231974568
569218374
874635192

impossible

impossible

